- OS: Windows-10-10.0.22635-SP0 10.0.22635
- Python: 3.9.16
- Stable-Baselines3: 2.7.1
- PyTorch: 2.8.0+cpu
- GPU Enabled: False
- Numpy: 1.26.4
- Cloudpickle: 2.0.0
- Gymnasium: 1.1.1
